88249
4556
1511
734064
51272
487070
2878
7299
8704
203165
279645
6387
6929
83515
5036
3423
142437
17767
227897
149
3640 1545992 203122
1314242
3350
7773
7801
17767
4815
7233
83682
6929
3154
267036
17767
3287
7299
6915
3423
84108
82027
10814
104463
5036
32613
10814
2635
203211
84108
17767
9601
10800
2582
6873
71484
31983
7299 227897
8629
20974
91168
3423
17767
227278
324072
3264 38453
142429
3423
7538
142446
8629
4608 113608
487070
3752
17767
1000112
235750 1309402
4124
6691
4780
787390
40137
2635
8704
7514
196213
57227
102490
9603
5933
115698
142446
253198
83515
1299236 142440
17767
91351
221124
324072
3423
6691
7285
7299
8031
227227
142146
84108
1368001
10834
2672 1652891
1000112
91130
71484
283742
7299 5492
221124
10636
732
4493
203173
11256 1236136
84108
593411
221172 1546004 10600
73645
3423
17767
4493
203168
196213
82064
3638
10814
235750 1309402
203172
1368001
4331
82130
5492
8928
2625
5492
3014
7801
7531
221172 1546004 10600
8001
3423
235838
33738
6313
8703
8703
10814
203841
10834
10510
20974
17767
17767
10223
5933
322248
3423
142146
236083
7821 266974 1545999
2670 1545976
7299
104994
235426
235750 1309402
3638
115552
153971 23024
8928
7801
3423
6911
6678
8152
115552
221078
3154
282388
237082
2625
221078
4815
10814
37418
6980
221172 1546004 10600
196213
203123
6929
17767
5036
17767
103866
203841
8031
203117
235750 1309402
39841 865
3392
72302
10825
3356
9061
3154
221172 1546004 10600
1000112
154987
56092
11256 1236136
228783
293865
236859 4083
104463
221126
4556
203168
17627
236859 4083
253198
215247
7531
110
17767
227897
84108
1511
7531
17767
6804
8703
435
20489
82063
718967
17767
82064
283561 3966
115265
3356
236083
40114
4053
10510
2672 1652891
7236
10510
6852
8704
110
138099
142144
734064
218337
8629
10814
236862
81982
115698
2408
28863
221124
8001
17767
103866
221172 1546004 10600
3266
1102270
7801
3423
10454
221126
9796
91066
1368001
8031
3356
253182
227897
51272
26225
3423
10636
196213
236875
5933
39786
7299 227897
221075
4493
4608 113608 5492
3551
142446
142446
20974
236083
593411
6691
203173
606396
10814
7801
9001
203195
227897
10510
37418
8703
107770
10391
10814
196213
7299
236083
17767
221078
17767
236875
39786
7531
6398
203123
221126
4089
31983
83366 1297766 17767
1431738
3350
8704
8704
66912
8031
91168
221078
797752
83366 1297766 17767
4815
11198
85248
253198
8152
6475
8704
6915
4493
6691
3634
4493
627
2356
17767
235750 1309402
2672 1652891
6678
4493
283561 3966
4331
33738
1362
253186 52364
7773
1870193
203168
33199
88249
7801
30236
196213
10510
1000112
10636
3014
253186 52364
253186 52364
596724
227278
17627
1297882 723 133008
3392
17767
8703
203165
81982
141366
6691
83366 1297766
142427
1225 1742407
7984
227224
203165
11118
10814
8703
72302
6446
236875
203173
17767
72302
8703
4815
82110
8031
324072
33738
306674
3634
8703
23623
7299
7821 266974 1545999
6915
