
1000581
1001
100272
10030
10032
10046
1006397
10104
10106
10114
10154
10156
10159
10167
10168
10169
10171
10172
10173
10174
10175
10176
10178
10179
10180
10181
10183
10184
10188
10193
10205
10206
10207
10231
10237
10239
10240
10255
102846
1029
103
10318
10322
10323
10324
10328
10355
10362
10368
10378
10379
10390
1039062
10391
10395
10402
1043
10432
10438
104486
1044977
10450
10454
10463
10464
10471
10472
10473
10485
10498
10502
10510
10517
10528
1054
10553
1056
10561
10562
10565
105673
105694
10579
10580
10582
10588
10591
10594
10597
10600
10612
10627
10633
10634
10636
10637
10639
10689
10691
107056
10734
10735
10737
10753
10756
10759
10763
10767
10772
107770
10795
10798
10800
10803
10804
10805
108074
108088
108091
10811
108118
10814
10819
10824
10825
10826
10827
10828
10829
10834
10844
10847
10849
10864
10865
10869
10890
1091
10917
10960
10968
10996
11002
11055
11121
11124
11149
11170
11194
11196
11198
11201
11202
11204
11232
11246
11248
11253
11256
11289
113608
11371
113831
11413
114176
114202
11423
114464
114817
1151
1156
1191
1202
12062
121069
1218
1223
1227
1232405
1236136
12449
12473
1251
1256
126291
1266
1272
1291
1292
1305651
1309226
1309243
1309252
1309336
1309793
1310190
1310249
1310568
1310579
1310844
1310910
1311079
1311098
1311119
1311138
1311147
1311152
1311188
1311214
1311216
1311287
1311295
1311384
1311390
1311398
1311565
1311567
1312358
1312359
1313309
1314239
1314316
1314344
1314351
1314355
1314365
1314412
1314891
1318494
1322428
1325
132871
132889
133070
1336269
134404
1344641
1347
1351000
1359
1361
1362737
1362744
1362872
1362878
1362885
1362900
1362925
1362929
1363043
1363044
1363446
1363702
1363708
136411
1364794
1366666
1367
1367155
1367177
1367180
1367187
1367191
1367207
1368125
1368128
1368147
1368177
1368197
1368476
1368862
1368950
1369
1370302
1370450
1370452
1370627
1373
1374
1375
1385
1388
13982
1399
1418
1420982
1422
1424
1425
1425501
1425879
1426
1426381
1426779
1426865
1426890
1427058
1427222
1435572
1436
1440264
1440266
1440856
1441546
1441660
1441664
1443000
1483317
14851
14852
149
1495077
14997
1511
1512
1514
1520
1523
1525
1535217
1535222
1535513
153970
154
1540
1544577
1546438
1546451
1546458
1549540
155
155067
155080
155122
1551455
155156
1552051
1552575
156240
15842
158507
1588
1589
1594675
1596
1596450
1598
15996
1599636
1603476
1605101
1607976
161
162
1622
163426
164
1665336
16688
167
1670383
16728
16735
168
16817
16818
1700
1705
1712
17145
17205
173
17305
17311
1733690
17354
17381
17392
1745416
1749
1752
1753
17599
1760
17614
17627
17652
1767
17684
17698
17933
17941
1800093
1808
180806
1813
1815
1817
1819
18235
1825
1827
1828
1829
18330
183830
183875
183877
18405
1841
18516
1855092
1858554
18600
18603
1860418
18609
18631
18687
1871175
18751
18752
18753
18846
1886
18867
18880
18889
1889
18891
18896
1894
1895
1897
18993
18994
19008
1901
1902
19041
190433
19044
1908
19084
19143
1919
1921584
1923815
19257
1926480
194
194279
19484
19499
19596
195983
19605
19610
19685
197
19729
19759
1976
19768
19777
19790
1982
19831
19836
19850
19860
19861
19862
19874
19882
19895
199
19928
1995489
19959
1998
1999
1999800
20012
2002
20136
2015
2017
20191
20192
2020
20206
20217
20220
2023
20342
20343
20482
20486
20498
2051
2059173
20609
20610
2062
2067
2068
20762
20823
20859
20861
20875
20877
20881
20976
2099711
2101
2104180
2105
2108821
21099
21102
21130
21149
2116
21183
2120182
21224
21232
21241
21244
21247
21249
21254
21272
21285
2129
21311
2133
214355
21579
216449
21660
21716
21753
2176
21766
2177
2178
2179
2180
2181306
2181419
2182
2183
2184
2186
2187
21877
2188
2189
2190
2191
2192
2193
2194
21949
21990
22033
22037
2228
22293
2231
2233
2236
22374
2238
2239
22396
22483
22656
22696
22697
22701
227410
227518
2286
22865
22906
2296
23020
23024
23088
23162
23163
23370
23386
23405
23410
23419
23420
2346
2348
235273
2353
235379
2354
235496
2356
2358
235808
235829
235935
235942
235961
236174
236186
236188
236206
236248
236268
236300
236650
236719
236730
236741
236749
236778
23678
236782
23684
236901
236962
237099
237159
2372
2373
23744
2378
2382
23852
2388
239
2393
2396
2397
2399
2400
2403
2404
2406
2407
2408
2409
2410
2418
2420
24263
2427
24272
24441
24453
24457
24460
24464
2447
24474
24484
2449
24506
24524
24591
24605
24607
24609
24611
24807
24840
24855
24856
24867
24898
249
24909
2496
25033
25060
2508
25082
25096
25112
25120
25126
25138
2525
25284
2530
253206
2541
25437
2549
2550
2551
2555
2556
2578
257844
25793
2580
25806
2582
2590
2592
2594
2596
2597
2598
2599
2601
2603
26143
2620
2622
26225
2623
26237
2625
2626
26296
26412
26416
26422
2653
2660
266604
2669
2670
26744
26797
26826
2683
26849
2685
26867
26879
270
27084
2709
2714
272
27208
27220
27221
27334
27403
27492
27518
27712
27723
27748
27781
27792
27863
27901
27946
28012
28031
281
28181
28198
28381
28382
283821
285151
285162
285163
285168
285220
285241
28554
28574
28728
28730
288088
28894
2890
2898
290
29046
29151
29155
29256
29410
29411
29418
29421
29426
29439
29444
29491
29495
29518
29523
29528
29542
29584
29629
29648
2968
29682
2969
2970
29704
2977
2978
29787
29829
29900
29903
29961
29996
3000
30005
3001
3002
30031
3007
30077
3008
30121
3013
3014
30198
30202
30206
3022
30227
3041
306674
3098
3100
3102
3105
3108
3109
3118
3129
3131
3142
3143
31447
31448
314546
314636
314674
314743
31475
31476
314784
314881
31538
3154
3155
31563
31722
31748
317808
31805
318340
31901
31930
319780
319815
319824
319866
31988
32022
32311
32385
324039
324072
3247
3248
3251
3254
3255
325514
3256
32613
32624
32633
32638
3264
32649
32658
3267
32675
3268
32680
32698
32699
3272
3288
3289
32894
3290
3292
32926
32950
32987
3304
33055
33086
3319
33199
33219
3322
33253
3327
33272
33277
3328
33283
33290
333
33303
33309
3332
3339
33408
33431
33432
3350
3351
3353
3355
3356
33562
3361
3363
33632
3364
3368
33712
33717
33724
33739
33740
33743
33747
33752
33764
33767
33770
33835
3384
3389
3390
33910
3392
3393
3403
3407
3409
34119
3415
3418
34188
3419
3423
3429
34345
34347
3435
34369
3443
3444
3445
34479
3449
34530
34568
34604
34633
34649
34710
3477
3478
3489
34905
34906
3498
3500
3510
35185
35208
3521
35215
3523
352374
35242
35255
35296
35350
35373
3541
35465
3554
35616
35619
35797
358263
35827
36108
36117
36122
3616
36224
3626
3628
36314
3634
3637
3638
36387
3639
3640
3642
36434
3648
36567
36669
36676
36717
36721
36726
36908
3706
3714
37289
37324
37416
37418
37422
3743
3752
3755
37578
376
37775
37790
37798
37806
37815
37840
37935
37985
38025
38077
38133
38136
38150
3820
38252
3827
3829
38298
38365
38372
38382
38409
38453
38508
38555
38557
38574
38609
38610
38655
38668
38685
38802
38810
38865
38868
38876
38893
38967
38998
3920
39230
3925
392938
39541
39580
3966
397
39786
39801
39823
39841
3992
3995
39952
39969
39990
39993
39994
40001
40003
40028
40048
40114
40138
4018
4021
40230
4024
4025
40254
402565
402587
4040
4065
4077
4083
4089
4094
4099
4100
4103
4106
41078
4110
4112
41126
41157
4118
4127
4129
4132
4134
4135
4136
41397
4162
4166
4169
4171
4177
4179
4182
4191
423
42319
42322
42328
42330
42331
42333
42347
42348
42351
42355
42359
42368
42372
42375
42405
42463
42547
4257
42588
42612
42625
42682
42769
4278
42781
42826
42837
42955
430
4316
4319
4325
4327
4328
4331
4333
4337
435
44
4440
4441
4444
4448
4450
4451
4452
4453
4458
4459
4460
4462
446248
4463
448
4488
4491
4492
4493
4494
4495
4496
4497
4500
4501
4502
4507
4508
4511
4537
4550
4556
4570
4582
4601
4603
4604
46049
4626
46303
46307
4637
4648
46795
47111
4719
47579
47617
47622
47686
477631
4778
47858
4791
480
48008
4815
4816
48203
4821
4832
4845
4850
486961
4885
4890
4903
4910
4917
4919
49276
49428
49737
4980
4986
50097
5011
50110
50138
50166
5021
5032
5033
5036
50610
50749
508
5084
5093
5095
51253
513
51474
51487
516
519
52106
525
52527
5254
52582
528
5281
52882
52918
5293
5296
5301
5302
5303
5307
5321
5363
53694
54236
54552
5464
5470
5486
5487
5489
5492
5495
5496
5497
5499
5509
5514
5521
55244
5530
5531
5542
5552
5553
55672
560
56188
5640
5645
56466
5650
56512
56513
5657
56570
5666
56795
569
5690
5691
57021
57047
57048
57258
57330
5764
5775
5781
5784
57954
5833
588003
58939
59064
59078
59087
59094
5924
592464
59247
5928
5936
594
5942
5956
595958
596
59636
5966
5967
5968
59695
597
5970
5973
597392
59743
5975
5976
5979
598
5981
599
6011
6023
6026
6027
6038
6048
6054
6058
606396
6064
6066
6069
6084
6086
6095
6099
6102
6111
61148
612
6130
6135
61381
6142
6146
6147
618060
618278
618425
618442
6185
618771
620
6205
62174
62178
6218
6227
62349
62400
62427
625
626
627
6313
632
6370
6371
6373
6375
6377
6378
6383
6384
6387
6390
6398
6404
641
644
6446
644634
6448
645
6459
6464
6465
6466
6468
6470
6472
6475
6513
6529
6531
6572
6581
6585
6628
6646
6664
6672
6673
6674
6676
6678
6680
6686
6690
6691
6694
66958
6696
6703
670544
6718
67182
6719
6728
6750
6754
6755
6756
6757
6758
6759
6760
6761
6762
6765
677
6774
6779
6781
6782
6805
6809
6812
6813
6816
6817
6818
6821
6822
6825
6826
6833
6834
6835
6837
6845
6847
684879
6851
6852
6853
6854
6857
6860
6873
6876
6877
6878
6883
689
6901
6904
6910
6911
6915
6916
6918
6920
6922
6923
6926
6927
6929
6932
695
6960
69627
6964
6972
6980
6984
6985
6995
6996
7004
7005
7019
7023
703
704
7052
70589
70598
70602
70611
70616
7069
7094
712
71535
719
720
722
7226
723
7233
7238
7242
7243
7244
7247
725
7258
7268
7285
7315
732
733
7337
739
7393
7394
7396
7398
74
7402
7405
7414
7417
7419
742
7421
7424
7426
7427
743
7435
7440
7441
7454
7455
7456
7476
7486
7500
7512
7513
7514
7515
7517
7518
7519
7531
7533
7538
7543
7595
7597
7617
7623
7629
7646
7674
7676
7688
7701
7704
772
77492
7773
7778
7779
7781
7798
7801
7804
7805
7806
7812
7813
7814
7815
7816
7818
7821
7824
7832
7833
7839
7880
7886
78902
78903
78904
7891
7892
7894
7895
7909
7910
7930
7934
7960
7966
7973
7974
7975
797541
797752
7980
798304
798372
7984
7993
7994
8001
8004
8010
8011
8013
8015
8016
8031
804187
8042
8047
8050
8076
8091
8113
8119
8120
8123
8129
8130
8132
8133
8134
8136
8141
8143
8149
8150
8152
8153
8160
8163
8175
8183
81971
82003
8259
828529
82910
8299
8302
8308
831503
8328
8331
8332
8338
8339
8340
8345
8347
8348
8352
8353
8354
8356
8372
83885
8410
8462
8463
8516
8521
8536
8565
8610
8611
8620
8622
8627
8628
8629
8637
8638
8640
8673
8674
8686
8687
8691
8698
8699
8700
8701
8702
8703
8704
8718
8723
8727
873
8730
8742
8744
8745
8754
8758
8761
8766
8770
8782
8785
8787
8792
8793
8794
8795
8814
8825
8871
8886
8896
8928
89548
89552
89698
89721
89722
89729
89778
89781
89782
89784
89785
89791
89795
89808
89810
89818
89821
8984
89854
8987
89886
89890
89911
899420
9000
9002
9009
9010
9022
9061
9066
9068
9071
90926
9100
91099
91311
91326
9133
9143
9154
9259
9344
9346
9384
9385
9386
9388
9392
94
9462
9478
9486
9500
9509
9515
9518
9524
9525
9556
9601
9624
9627
9639
968170
9724
975763
9785
9789
9793
9794
9796
9800
9806
9808
981
9835
9863
9880
9884
9892
9894
9899
99
9913
9939
9945
9947
9991
9997
